Exams:30
227, 0, 1, 2, 3, 4, 5, 6, 7, 8, 9, 81, 11, 12, 13
175, 14, 15, 16, 17, 18, 19, 20, 21, 22, 23, 24, 25, 26, 1, 28, 29, 281, 141, 32
124, 33, 34, 35, 36, 261, 38, 221, 40, 41, 42, 43, 101, 45, 46
228, 47, 48, 49, 50, 51, 52, 53, 54, 55, 56, 57, 161, 59, 60
101, 61, 62, 63, 64, 65, 521, 67, 68, 69, 70, 71, 72, 73, 74, 75, 76, 77, 78
175, 79, 80, 301, 82, 83, 84, 85, 86, 87, 81, 89, 90, 91
207, 92, 93, 94, 95, 96, 97, 98, 99, 541, 101, 102
209, 103, 104, 105, 106, 107, 108, 109, 110, 111, 112, 113, 114, 115, 521, 117, 118, 119, 120, 121, 122
224, 123, 124, 125, 126, 127, 128, 81, 130, 131, 132, 161, 134, 135, 136
180, 137, 181, 139, 140, 141, 142, 143, 144, 145, 146, 147, 148, 561, 150, 151
139, 141, 153, 154, 155, 156, 157, 158, 159, 160, 161, 162, 163, 164, 165, 166
124, 361, 168, 169, 170, 171, 172, 173, 481, 175, 101, 441, 178
101, 179, 180, 181, 182, 581, 184, 185, 186, 187, 188, 189, 190, 191, 341, 193
217, 194, 195, 196, 197, 241, 281, 200, 201, 202, 561, 204, 205, 206
195, 81, 208, 209, 210, 211, 212, 213, 214, 215, 216, 217, 218, 219, 220, 401, 222
161, 223, 224, 541, 226, 227, 228, 229, 230, 231, 232, 233, 234, 235, 441, 237, 238, 239, 240, 241, 242
110, 243, 244, 245, 246, 247, 421, 249, 250, 251, 252, 253, 254, 255, 256, 257, 258, 259, 260, 261, 262
99, 361, 264, 265, 266, 267, 268, 269, 270, 241, 272, 273, 274, 275, 276, 277, 278, 279, 461, 281, 282
230, 283, 284, 285, 286, 287, 288, 289, 290, 291, 292
225, 293, 294, 561, 296, 321, 298, 299, 300, 301, 561, 303, 304, 305, 306, 307, 308
153, 101, 310, 311, 312, 313, 314, 315, 316, 141, 361, 381, 320
152, 321, 322, 323, 324, 325, 541, 327, 328, 329, 330, 331, 332
176, 333, 141, 335, 336, 337, 501, 339, 340, 341, 342, 343
171, 344, 345, 346, 201, 348, 349, 350, 351, 352, 141, 354, 481, 356, 357, 358, 359
215, 360, 361, 362, 341, 364, 365, 366, 367, 461, 369, 370, 371, 372, 373, 374, 375, 376, 377, 481, 379
202, 380, 381, 382, 383, 384, 385, 521, 387, 388, 389, 390, 281, 161, 393, 394, 321, 396, 397, 398
199, 399, 400, 401, 402, 561, 404, 405, 406, 407, 408, 409, 410
119, 181, 412, 413, 414, 415, 416, 417, 418, 261, 381, 421, 422, 423, 424, 425, 401, 427, 428, 429, 430
202, 431, 481, 433, 434, 435, 436, 81, 438, 401, 440, 441, 442, 443, 444, 445, 446, 447, 448, 449
205, 450, 451, 452, 453, 454, 455, 456, 457, 458, 459
